Z A EL ATOMIC MASS(u)
0 1 n 1.0086649159
1 1 H 1.007825031898
1 2 H 2.014101777844
1 3 H 3.01604928132
2 3 He 3.01602932197
1 4 H 4.026431867
2 4 He 4.00260325413
3 4 Li 4.027185561
1 5 H 5.035311492
2 5 He 5.012057224
3 5 Li 5.0125378
1 6 H 6.044955437
2 6 He 6.018885889
3 6 Li 6.01512288742
4 6 Be 6.0197264090000004
2 7 He 7.027990652
3 7 Li 7.01600343426
4 7 Be 7.016928714
5 7 B 7.029712
2 8 He 8.033934388
3 8 Li 8.022486244
4 8 Be 8.005305102
5 8 B 8.024607315
6 8 C 8.037643039
2 9 He 9.043946414
3 9 Li 9.026790191
4 9 Be 9.012183062
5 9 B 9.013329645
6 9 C 9.031037202
2 10 He 10.052815306
3 10 Li 10.035483453
4 10 Be 10.013534692
5 10 B 10.012936862
6 10 C 10.016853217
7 10 N 10.04165354
3 11 Li 11.043723581
4 11 Be 11.02166108
5 11 B 11.009305166
6 11 C 11.011432597
7 11 N 11.026157593
8 11 O 11.051249828
3 12 Li 12.052613942
4 12 Be 12.026922082
5 12 B 12.014352638
6 12 C 12.0
7 12 N 12.01861318
8 12 O 12.034367726
3 13 Li 13.061171503
4 13 Be 13.036134506
5 13 B 13.017779981
6 13 C 13.00335483534
7 13 N 13.005738609
8 13 O 13.024815435
4 14 Be 14.04289292
5 14 B 14.02540401
6 14 C 14.00324198862
7 14 N 14.00307400425
8 14 O 14.008596706
9 14 F 14.034315196
4 15 Be 15.053490215
5 15 B 15.031087023
6 15 C 15.010599256
7 15 N 15.00010889827
8 15 O 15.003065636
9 15 F 15.017785139
10 15 Ne 15.043172977
4 16 Be 16.061672036
5 16 B 16.039841045
6 16 C 16.014701255
7 16 N 16.006101925
8 16 O 15.99491461926
9 16 F 16.011460278
10 16 Ne 16.02575086
5 17 B 17.046931399
6 17 C 17.02257865
7 17 N 17.008448876
8 17 O 16.99913175595
9 17 F 17.002095237
10 17 Ne 17.017713962
11 17 Na 17.037273
5 18 B 18.055601683
6 18 C 18.02675193
7 18 N 18.014077563
8 18 O 17.99915961214
9 18 F 18.000937324
10 18 Ne 18.005708696
11 18 Na 18.026879388
5 19 B 19.064166
6 19 C 19.034797594
7 19 N 19.017022389
8 19 O 19.003577969
9 19 F 18.99840316207
10 19 Ne 19.001880906
11 19 Na 19.013880264
12 19 Mg 19.03417992
5 20 B 20.074505644
6 20 C 20.040261732
7 20 N 20.023367295
8 20 O 20.004075357
9 20 F 19.999981252
10 20 Ne 19.99244017525
11 20 Na 20.007354301
12 20 Mg 20.018763075
5 21 B 21.084147485
7 21 N 21.027087573
8 21 O 21.008654948
9 21 F 20.999948893
10 21 Ne 20.993846685
11 21 Na 20.997654459
12 21 Mg 21.011705764
6 22 C 22.05755399
7 22 N 22.034100918
8 22 O 22.009965744
9 22 F 22.002998812
10 22 Ne 21.991385113
11 22 Na 21.994437547
12 22 Mg 21.999570597
7 23 N 23.039421
8 23 O 23.015696686
9 23 F 23.003526875
10 23 Ne 22.994466905
11 23 Na 22.98976928195
12 23 Mg 22.994123768
13 23 Al 23.007244351
8 24 O 24.019861
9 24 F 24.00809937
10 24 Ne 23.993610649
11 24 Na 23.990963012
12 24 Mg 23.985041689
13 24 Al 23.999947598
14 24 Si 24.01153543
8 25 O 25.029338919
9 25 F 25.012167727
10 25 Ne 24.997814797
11 25 Na 24.989953974
12 25 Mg 24.985836966
13 25 Al 24.990428308
14 25 Si 25.004108798
8 26 O 26.037210155
9 26 F 26.020048065
10 26 Ne 26.000516496
11 26 Na 25.992634649
12 26 Mg 25.982592972
13 26 Al 25.986891876
14 26 Si 25.992333818
9 27 F 27.026981897
10 27 Ne 27.007569462
11 27 Na 26.994076408
12 27 Mg 26.984340647
13 27 Al 26.981538408
14 27 Si 26.986704687
15 27 P 26.999292499
9 28 F 28.035860448
10 28 Ne 28.012130767
11 28 Na 27.998939
12 28 Mg 27.983875426
13 28 Al 27.981910009
14 28 Si 27.97692653442
15 28 P 27.99232646
16 28 S 28.004372762
9 29 F 29.043103
10 29 Ne 29.019753
11 29 Na 29.002877091
12 29 Mg 28.988607163
13 29 Al 28.980453164
14 29 Si 28.97649466434
15 29 P 28.981800368
16 29 S 28.996678
10 30 Ne 30.024992235
11 30 Na 30.009097931
12 30 Mg 29.990465454
13 30 Al 29.982969171
14 30 Si 29.973770137
15 30 P 29.97831349
16 30 S 29.98490677
17 30 Cl 30.005018333
10 31 Ne 31.033474816
11 31 Na 31.013146654
12 31 Mg 30.996648232
13 31 Al 30.983949754
14 31 Si 30.975363196
15 31 P 30.97376199768
16 31 S 30.979557002
17 31 Cl 30.992448097
11 32 Na 32.020011024
12 32 Mg 31.999110138
13 32 Al 31.988084338
14 32 Si 31.974151538
15 32 P 31.973907643
16 32 S 31.97207117354
17 32 Cl 31.985684605
18 32 Ar 31.997637824
11 33 Na 33.025529
12 33 Mg 33.005327862
13 33 Al 32.990877685
14 33 Si 32.977976964
15 33 P 32.971725692
16 33 S 32.97145890862
17 33 Cl 32.977451988
18 33 Ar 32.989925545
11 34 Na 34.03401
12 34 Mg 34.008935455
13 34 Al 33.996781924
14 34 Si 33.978538045
15 34 P 33.973645886
16 34 S 33.967867011
17 34 Cl 33.97376249
18 34 Ar 33.980270092
12 35 Mg 35.01679
13 35 Al 34.999759816
14 35 Si 34.984550111
15 35 P 34.973314045
16 35 S 34.969032321
17 35 Cl 34.968852694
18 35 Ar 34.975257719
19 35 K 34.988005406
12 36 Mg 36.021879
13 36 Al 36.006388
14 36 Si 35.986649271
15 36 P 35.97825961
16 36 S 35.967080692
17 36 Cl 35.968306822
18 36 Ar 35.967545106
19 36 K 35.981301887
20 36 Ca 35.993074388
12 37 Mg 37.030286265
13 37 Al 37.010531
14 37 Si 36.992945191
15 37 P 36.979606942
16 37 S 36.9711255
17 37 Cl 36.965902573
18 37 Ar 36.966776301
19 37 K 36.97337589
20 37 Ca 36.985897849
14 38 Si 37.995523
15 38 P 37.984303105
16 38 S 37.9711633
17 38 Cl 37.968010408
18 38 Ar 37.962732102
19 38 K 37.969081114
20 38 Ca 37.976319223
14 39 Si 39.002491
15 39 P 38.986285865
16 39 S 38.97513385
17 39 Cl 38.968008151
18 39 Ar 38.964313037
19 39 K 38.96370648482
20 39 Ca 38.970710811
21 39 Sc 38.984784953
14 40 Si 40.006083641
15 40 P 39.991262221
16 40 S 39.975482561
17 40 Cl 39.970415466
18 40 Ar 39.96238312204
19 40 K 39.963998165
20 40 Ca 39.96259085
21 40 Sc 39.977967275
22 40 Ti 39.990345146
15 41 P 40.994654
16 41 S 40.979593451
17 41 Cl 40.970684525
18 41 Ar 40.96450057
19 41 K 40.96182525611
20 41 Ca 40.962277905
21 41 Sc 40.969251163
22 41 Ti 40.983148
15 42 P 42.00117214
16 42 S 41.9810651
17 42 Cl 41.973342
18 42 Ar 41.963045737
19 42 K 41.962402305
20 42 Ca 41.95861778
21 42 Sc 41.965516686
22 42 Ti 41.973049369
16 43 S 42.986907635
17 43 Cl 42.9740637
18 43 Ar 42.965636056
19 43 K 42.960734701
20 43 Ca 42.958766381
21 43 Sc 42.961150425
22 43 Ti 42.96852842
23 43 V 42.980766
16 44 S 43.990118846
17 44 Cl 43.978014918
18 44 Ar 43.964923814
19 44 K 43.961586984
20 44 Ca 43.955481489
21 44 Sc 43.959402818
22 44 Ti 43.959689936
23 44 V 43.974440977
24 44 Cr 43.985591
17 45 Cl 44.980394353
18 45 Ar 44.968039731
19 45 K 44.960691491
20 45 Ca 44.95618627
21 45 Sc 44.955907051
22 45 Ti 44.958120758
23 45 V 44.965768498
24 45 Cr 44.97905
17 46 Cl 45.985254926
18 46 Ar 45.968039243999996
19 46 K 45.961981584
20 46 Ca 45.953687726
21 46 Sc 45.955167034
22 46 Ti 45.952626356
23 46 V 45.960197389
24 46 Cr 45.968360969
25 46 Mn 45.986669
18 47 Ar 46.972767112
19 47 K 46.961661612
20 47 Ca 46.954541134
21 47 Sc 46.952402444
22 47 Ti 46.951757491
23 47 V 46.954903558
24 47 Cr 46.962894995
25 47 Mn 46.975774
18 48 Ar 47.976001
19 48 K 47.965341184
20 48 Ca 47.952522654
21 48 Sc 47.952222903
22 48 Ti 47.947940677
23 48 V 47.9522509
24 48 Cr 47.954029431
25 48 Mn 47.96854876
26 48 Fe 47.980667
19 49 K 48.968210753
20 49 Ca 48.955662625
21 49 Sc 48.950013159
22 49 Ti 48.947864391
23 49 V 48.948510509
24 49 Cr 48.95133372
25 49 Mn 48.95961335
26 49 Fe 48.973429
19 50 K 49.972380015
20 50 Ca 49.957499215
21 50 Sc 49.952187437
22 50 Ti 49.944785622
23 50 V 49.947156681
24 50 Cr 49.946042209
25 50 Mn 49.954238157
26 50 Fe 49.962988
27 50 Co 49.981117
19 51 K 50.975828664
20 51 Ca 50.960995663
21 51 Sc 50.953568838
22 51 Ti 50.946609468
23 51 V 50.943957664
24 51 Cr 50.944765388
25 51 Mn 50.94820877
26 51 Fe 50.956855137
27 51 Co 50.970647
19 52 K 51.981602
20 52 Ca 51.963213646
21 52 Sc 51.95649617
22 52 Ti 51.946883509
23 52 V 51.944773636
24 52 Cr 51.940504714
25 52 Mn 51.94555909
26 52 Fe 51.948113364
27 52 Co 51.963130224
28 52 Ni 51.975781
19 53 K 52.9868
20 53 Ca 52.968451
21 53 Sc 52.958379173
22 53 Ti 52.949670714
23 53 V 52.94433494
24 53 Cr 52.940646304
25 53 Mn 52.941287497
26 53 Fe 52.945305629
27 53 Co 52.954203278
28 53 Ni 52.96819
20 54 Ca 53.972989
21 54 Sc 53.963029359
22 54 Ti 53.950892
23 54 V 53.946432009
24 54 Cr 53.938877359
25 54 Mn 53.940355772
26 54 Fe 53.939608189
27 54 Co 53.948459075
28 54 Ni 53.957833
20 55 Ca 54.979978
21 55 Sc 54.966889637
22 55 Ti 54.955091
23 55 V 54.947262
24 55 Cr 54.940836637
25 55 Mn 54.93804304
26 55 Fe 54.938291158
27 55 Co 54.941996416
28 55 Ni 54.951329846
29 55 Cu 54.966038
20 56 Ca 55.985496
21 56 Sc 55.972607611
22 56 Ti 55.957677675
23 56 V 55.950420082
24 56 Cr 55.940648977
25 56 Mn 55.938902816
26 56 Fe 55.934935537
27 56 Co 55.939838032
28 56 Ni 55.942127761
29 56 Cu 55.958529278
21 57 Sc 56.977047999999996
22 57 Ti 56.963068098
23 57 V 56.952297
24 57 Cr 56.943612112
25 57 Mn 56.938285944
26 57 Fe 56.93539195
27 57 Co 56.936289819
28 57 Ni 56.939791394
29 57 Cu 56.949211686
21 58 Sc 57.983382
22 58 Ti 57.966808519
23 58 V 57.956595985
24 58 Cr 57.944184501
25 58 Mn 57.940066643
26 58 Fe 57.933273575
27 58 Co 57.935751292
28 58 Ni 57.93534165
29 58 Cu 57.944532283
30 58 Zn 57.954590296
21 59 Sc 58.988374
23 59 V 58.959623343
24 59 Cr 58.948345426
25 59 Mn 58.940391111
26 59 Fe 58.934873492
27 59 Co 58.933193523999996
28 59 Ni 58.934345442
29 59 Cu 58.939496713
30 59 Zn 58.949311886
22 60 Ti 59.976275
23 60 V 59.964479215
24 60 Cr 59.949641656
25 60 Mn 59.943136574
26 60 Fe 59.934070249
27 60 Co 59.933815536
28 60 Ni 59.930785129
29 60 Cu 59.937363787
30 60 Zn 59.941841317
23 61 V 60.967603529
24 61 Cr 60.95437813
25 61 Mn 60.944452541
26 61 Fe 60.936746241
27 61 Co 60.932476031
28 61 Ni 60.931054819
29 61 Cu 60.933457375
30 61 Zn 60.939506964
31 61 Ga 60.949398861
23 62 V 61.972932556
24 62 Cr 61.95614292
25 62 Mn 61.947907384
26 62 Fe 61.936791809
27 62 Co 61.934058198
28 62 Ni 61.928344753
29 62 Cu 61.932594803
30 62 Zn 61.934333359
31 62 Ga 61.944189639
23 63 V 62.976661
24 63 Cr 62.961161
25 63 Mn 62.949664672
26 63 Fe 62.940272698
27 63 Co 62.93359963
28 63 Ni 62.929669021
29 63 Cu 62.929597119
30 63 Zn 62.93321114
31 63 Ga 62.939294194
32 63 Ge 62.949628
24 64 Cr 63.963886
25 64 Mn 63.953849369
26 64 Fe 63.940987761
27 64 Co 63.935810176
28 64 Ni 63.927966228
29 64 Cu 63.929764001
30 64 Zn 63.929141776
31 64 Ga 63.936840366
32 64 Ge 63.941689912
25 65 Mn 64.956019749
26 65 Fe 64.945015323
27 65 Co 64.936462071
28 65 Ni 64.930084585
29 65 Cu 64.927789476
30 65 Zn 64.929240534
31 65 Ga 64.932734424
32 65 Ge 64.939368136
33 65 As 64.949611
25 66 Mn 65.960546833
26 66 Fe 65.946249958
27 66 Co 65.939442943
28 66 Ni 65.929139333
29 66 Cu 65.928868804
30 66 Zn 65.926033639
31 66 Ga 65.931589766
32 66 Ge 65.933862124
33 66 As 65.944148778
26 67 Fe 66.95093
27 67 Co 66.940609625
28 67 Ni 66.931569413
29 67 Cu 66.92772949
30 67 Zn 66.927127422
31 67 Ga 66.928202276
32 67 Ge 66.932716999
33 67 As 66.93925111
34 67 Se 66.949994
27 68 Co 67.944559401
28 68 Ni 67.931868787
29 68 Cu 67.929610887
30 68 Zn 67.924844232
31 68 Ga 67.927980161
32 68 Ge 67.928095305
33 68 As 67.936774127
34 68 Se 67.941825236
27 69 Co 68.945909
28 69 Ni 68.935610267
29 69 Cu 68.929429267
30 69 Zn 68.92655036
31 69 Ga 68.925573528
32 69 Ge 68.927964467
33 69 As 68.932246289
34 69 Se 68.939414845
35 69 Br 68.95033841
27 70 Co 69.9500534
28 70 Ni 69.9364313
29 70 Cu 69.932392078
30 70 Zn 69.925319175
31 70 Ga 69.926021914
32 70 Ge 69.924248542
33 70 As 69.930934642
34 70 Se 69.933515521
35 70 Br 69.944792321
27 71 Co 70.952366923
28 71 Ni 70.940518962
29 71 Cu 70.932676831
30 71 Zn 70.927719578
31 71 Ga 70.924702554
32 71 Ge 70.92495212
33 71 As 70.927113594
34 71 Se 70.932209431
35 71 Br 70.939342153
36 71 Kr 70.950265695
28 72 Ni 71.941785924
29 72 Cu 71.935820306
30 72 Zn 71.926842806
31 72 Ga 71.926367452
32 72 Ge 71.922075824
33 72 As 71.926752291
34 72 Se 71.927140506
35 72 Br 71.936594606
36 72 Kr 71.942092406
28 73 Ni 72.946206681
29 73 Cu 72.936674376
30 73 Zn 72.92958258
31 73 Ga 72.92517468
32 73 Ge 72.923458954
33 73 As 72.923829086
34 73 Se 72.926754881
35 73 Br 72.931673441
36 73 Kr 72.939289193
37 73 Rb 72.950604506
29 74 Cu 73.93987486
30 74 Zn 73.92940726
31 74 Ga 73.926945725
32 74 Ge 73.92117776
33 74 As 73.923928596
34 74 Se 73.922475933
35 74 Br 73.929910279
36 74 Kr 73.933084016
37 74 Rb 73.944265867
29 75 Cu 74.941523817
30 75 Zn 74.932840244
31 75 Ga 74.926504484
32 75 Ge 74.92285837
33 75 As 74.921594562
34 75 Se 74.92252287
35 75 Br 74.925810566
36 75 Kr 74.930945744
37 75 Rb 74.9385732
38 75 Sr 74.949952767
29 76 Cu 75.945268974
30 76 Zn 75.933114956
31 76 Ga 75.928827624
32 76 Ge 75.921402725
33 76 As 75.922392011
34 76 Se 75.919213702
35 76 Br 75.924541574
36 76 Kr 75.925910743
37 76 Rb 75.935073031
38 76 Sr 75.94176276
29 77 Cu 76.947543599
30 77 Zn 76.936887197
31 77 Ga 76.929154299
32 77 Ge 76.923549843
33 77 As 76.920647555
34 77 Se 76.91991415
35 77 Br 76.921379193
36 77 Kr 76.924669999
37 77 Rb 76.930401599
38 77 Sr 76.937945454
29 78 Cu 77.951916524
30 78 Zn 77.938289204
31 78 Ga 77.931610854
32 78 Ge 77.922852911
33 78 As 77.921827771
34 78 Se 77.917309244
35 78 Br 77.921145858
36 78 Kr 77.920366341
37 78 Rb 77.928141866
38 78 Sr 77.932179979
29 79 Cu 78.9544731
30 79 Zn 78.942638067
31 79 Ga 78.932851582
32 79 Ge 78.925359506
33 79 As 78.920948419
34 79 Se 78.918499252
35 79 Br 78.918337574
36 79 Kr 78.920082919
37 79 Rb 78.923990095
38 79 Sr 78.929704692
39 79 Y 78.937946
30 80 Zn 79.944552929
31 80 Ga 79.936420773
32 80 Ge 79.925350773
33 80 As 79.92247444
34 80 Se 79.916521761
35 80 Br 79.918529784
36 80 Kr 79.91637794
37 80 Rb 79.922516442
38 80 Sr 79.924517538
39 80 Y 79.93435475
30 81 Zn 80.950402617
31 81 Ga 80.938133841
32 81 Ge 80.928832941
33 81 As 80.922132288
34 81 Se 80.917993019
35 81 Br 80.916288197
36 81 Kr 80.916589703
37 81 Rb 80.9189939
38 81 Sr 80.923211393
39 81 Y 80.929454283
40 81 Zr 80.938245
30 82 Zn 81.954574097
31 82 Ga 81.943176531
32 82 Ge 81.929774031
33 82 As 81.924738731
34 82 Se 81.916699531
35 82 Br 81.916801752
36 82 Kr 81.91348115368
37 82 Rb 81.918209023
38 82 Sr 81.918399845
39 82 Y 81.926930189
40 82 Zr 81.931707497
31 83 Ga 82.9471203
32 83 Ge 82.9345391
33 83 As 82.9252069
34 83 Se 82.919118604
35 83 Br 82.915175285
36 83 Kr 82.914126516
37 83 Rb 82.915114181
38 83 Sr 82.917554372
39 83 Y 82.922484026
40 83 Zr 82.929240926
41 83 Nb 82.93815
31 84 Ga 83.952663
32 84 Ge 83.93757509
33 84 As 83.92930329000001
34 84 Se 83.918466761
35 84 Br 83.916496417
36 84 Kr 83.91149772708
37 84 Rb 83.914375223
38 84 Sr 83.913419118
39 84 Y 83.92067106
40 84 Zr 83.923325663
41 84 Nb 83.934305711
31 85 Ga 84.957333
32 85 Ge 84.942969658
33 85 As 84.932163658
34 85 Se 84.922260758
35 85 Br 84.915645758
36 85 Kr 84.91252726
37 85 Rb 84.91178973604
38 85 Sr 84.912932041
39 85 Y 84.916433039
40 85 Zr 84.921443199
41 85 Nb 84.928845836
42 85 Mo 84.938260736
32 86 Ge 85.946967
33 86 As 85.936701532
34 86 Se 85.924311732
35 86 Br 85.918805432
36 86 Kr 85.91061062468
37 86 Rb 85.911167443
38 86 Sr 85.90926072473
39 86 Y 85.914886095
40 86 Zr 85.916296814
41 86 Nb 85.925781536
42 86 Mo 85.931174092
33 87 As 86.940291716
34 87 Se 86.928688616
35 87 Br 86.920674016
36 87 Kr 86.913354759
37 87 Rb 86.909180529
38 87 Sr 86.90887749454
39 87 Y 86.9108761
40 87 Zr 86.914817338
41 87 Nb 86.920692473
42 87 Mo 86.928196198
43 87 Tc 86.938067185
34 88 Se 87.93141749
35 88 Br 87.92408329
36 88 Kr 87.914447879
37 88 Rb 87.91131559
38 88 Sr 87.905612253
39 88 Y 87.909501274
40 88 Zr 87.910220715
41 88 Nb 87.918226476
42 88 Mo 87.921967779
43 88 Tc 87.933794211
34 89 Se 88.936669058
35 89 Br 88.926704558
36 89 Kr 88.917835449
37 89 Rb 88.912278136
38 89 Sr 88.907450808
39 89 Y 88.905838156
40 89 Zr 88.908879751
41 89 Nb 88.913444696
42 89 Mo 88.919468149
43 89 Tc 88.927648649
44 89 Ru 88.937337849
34 90 Se 89.940096
35 90 Br 89.931292848
36 90 Kr 89.919527929
37 90 Rb 89.914797557
38 90 Sr 89.90772787
39 90 Y 89.907141749
40 90 Zr 89.904698755
41 90 Nb 89.911259201
42 90 Mo 89.91393127
43 90 Tc 89.924073919
44 90 Ru 89.930344378
34 91 Se 90.9457
35 91 Br 90.934398617
36 91 Kr 90.923806309
37 91 Rb 90.916537261
38 91 Sr 90.910195942
39 91 Y 90.907298048
40 91 Zr 90.905640205
41 91 Nb 90.906990256
42 91 Mo 90.91174519
43 91 Tc 90.918424972
44 91 Ru 90.92674153
35 92 Br 91.939631595
36 92 Kr 91.926173092
37 92 Rb 91.919728477
38 92 Sr 91.911038222
39 92 Y 91.908945752
40 92 Zr 91.905035336
41 92 Nb 91.90718858
42 92 Mo 91.906807153
43 92 Tc 91.915269777
44 92 Ru 91.920234373
45 92 Rh 91.932367692
46 92 Pd 91.941192225
35 93 Br 92.94322
36 93 Kr 92.931147172
37 93 Rb 92.922039334
38 93 Sr 92.914024314
39 93 Y 92.909578434
40 93 Zr 92.906470661
41 93 Nb 92.90637317
42 93 Mo 92.906808772
43 93 Tc 92.910245147
44 93 Ru 92.917104442
45 93 Rh 92.925912778
46 93 Pd 92.936680426
36 94 Kr 93.934140452
37 94 Rb 93.926394819
38 94 Sr 93.915355641
39 94 Y 93.911592062
40 94 Zr 93.906312523
41 94 Nb 93.907279001
42 94 Mo 93.905083586
43 94 Tc 93.909652319
44 94 Ru 93.91134286
45 94 Rh 93.92173045
46 94 Pd 93.929036286
36 95 Kr 94.939710922
37 95 Rb 94.929263849
38 95 Sr 94.919358282
39 95 Y 94.912819697
40 95 Zr 94.908040276
41 95 Nb 94.90683111
42 95 Mo 94.905837436
43 95 Tc 94.907652281
44 95 Ru 94.910404415
45 95 Rh 94.915897893
46 95 Pd 94.924888506
36 96 Kr 95.943014473
37 96 Rb 95.934133398
38 96 Sr 95.921719045
39 96 Y 95.915909305
40 96 Zr 95.908277615
41 96 Nb 95.908101586
42 96 Mo 95.90467477
43 96 Tc 95.907866675
44 96 Ru 95.90758891
45 96 Rh 95.914451705
46 96 Pd 95.918213739
47 96 Ag 95.930743903
36 97 Kr 96.949088782
37 97 Rb 96.937177117
38 97 Sr 96.926375621
39 97 Y 96.918286702
40 97 Zr 96.910963802
41 97 Nb 96.908101622
42 97 Mo 96.906016903
43 97 Tc 96.90636072
44 97 Ru 96.907545776
45 97 Rh 96.911327872
46 97 Pd 96.916471985
47 97 Ag 96.9238814
48 97 Cd 96.934799343
37 98 Rb 97.941632317
38 98 Sr 97.928692636
39 98 Y 97.922394841
40 98 Zr 97.912740448
41 98 Nb 97.910332645
42 98 Mo 97.905403609
43 98 Tc 97.907211206
44 98 Ru 97.905286709
45 98 Rh 97.910707734
46 98 Pd 97.912698335
47 98 Ag 97.92155997
48 98 Cd 97.927389315
37 99 Rb 98.94511919
38 99 Sr 98.932883604
39 99 Y 98.924160839
40 99 Zr 98.916675081
41 99 Nb 98.911609377
42 99 Mo 98.907707299
43 99 Tc 98.906249681
44 99 Ru 98.905930284
45 99 Rh 98.908121241
46 99 Pd 98.911773073
47 99 Ag 98.917645766
48 99 Cd 98.924925845
37 100 Rb 99.950331532
38 100 Sr 99.93578327
39 100 Y 99.927727678
40 100 Zr 99.918010499
41 100 Nb 99.914340578
42 100 Mo 99.907467982
43 100 Tc 99.907652715
44 100 Ru 99.90421046
45 100 Rh 99.908114147
46 100 Pd 99.908520438
47 100 Ag 99.916115443
48 100 Cd 99.920348829
49 100 In 99.931101929
50 100 Sn 99.938648944
37 101 Rb 100.954302
38 101 Sr 100.940606264
39 101 Y 100.930160817
40 101 Zr 100.921458454
41 101 Nb 100.915306508
42 101 Mo 100.910337648
43 101 Tc 100.907305271
44 101 Ru 100.905573086
45 101 Rh 100.906158903
46 101 Pd 100.908284824
47 101 Ag 100.912683951
48 101 Cd 100.918586209
49 101 In 100.926414025
50 101 Sn 100.935259252
37 102 Rb 101.960008
38 102 Sr 101.944004679
39 102 Y 101.934328471
40 102 Zr 101.923154181
41 102 Nb 101.918090447
42 102 Mo 101.910293725
43 102 Tc 101.909207239
44 102 Ru 101.904340312
45 102 Rh 101.906834282
46 102 Pd 101.905632292
47 102 Ag 101.911704538
48 102 Cd 101.914481797
49 102 In 101.924105911
50 102 Sn 101.930289525
39 103 Y 102.937243796
40 103 Zr 102.927204054
41 103 Nb 102.919453416
42 103 Mo 102.913091954
43 103 Tc 102.90917396
44 103 Ru 102.906314846
45 103 Rh 102.905494081
46 103 Pd 102.906111074
47 103 Ag 102.908960558
48 103 Cd 102.913416922
49 103 In 102.91987883
40 104 Zr 103.929449193
41 104 Nb 103.922907728
42 104 Mo 103.913747443
43 104 Tc 103.911433718
44 104 Ru 103.905425312
45 104 Rh 103.906645309
46 104 Pd 103.904030393
47 104 Ag 103.908623715
48 104 Cd 103.909856228
49 104 In 103.918214538
50 104 Sn 103.923105195
52 104 Te 103.946723408
40 105 Zr 104.934021832
41 105 Nb 104.924942577
42 105 Mo 104.91698198899999
43 105 Tc 104.911662024
44 105 Ru 104.907745478
45 105 Rh 104.905687787
46 105 Pd 104.905079479
47 105 Ag 104.906525604
48 105 Cd 104.909463893
49 105 In 104.914502322
50 105 Sn 104.921268421
51 105 Sb 104.931276547
52 105 Te 104.943304516
41 106 Nb 105.928928505
42 106 Mo 105.918273231
43 106 Tc 105.914356674
44 106 Ru 105.907328181
45 106 Rh 105.907285879
46 106 Pd 105.903480287
47 106 Ag 105.906663499
48 106 Cd 105.906459791
49 106 In 105.913463596
50 106 Sn 105.916957394
51 106 Sb 105.928637979
52 106 Te 105.937498521
41 107 Nb 106.931589685
42 107 Mo 106.92211977
43 107 Tc 106.915458437
44 107 Ru 106.909969837
45 107 Rh 106.906747975
46 107 Pd 106.905128058
47 107 Ag 106.905091509
48 107 Cd 106.906612049
49 107 In 106.910287497
50 107 Sn 106.915713649
51 107 Sb 106.924150621
41 108 Nb 107.936075604
42 108 Mo 107.924047508
43 108 Tc 107.918493493
44 108 Ru 107.910185793
45 108 Rh 107.908715304
46 108 Pd 107.903891806
47 108 Ag 107.905950245
48 108 Cd 107.904183588
49 108 In 107.909693654
50 108 Sn 107.91189429
51 108 Sb 107.922226731
52 108 Te 107.929380469
54 108 Xe 107.954232285
41 109 Nb 108.939141
42 109 Mo 108.928438318
43 109 Tc 108.920254107
44 109 Ru 108.913323707
45 109 Rh 108.908749555
46 109 Pd 108.905950576
47 109 Ag 108.904755778
48 109 Cd 108.904986697
49 109 In 108.907149679
50 109 Sn 108.911292857
51 109 Sb 108.918141203
52 109 Te 108.927304532
53 109 I 108.938086022
54 109 Xe 108.950434955
41 110 Nb 109.943843
42 110 Mo 109.930717956
43 110 Tc 109.923741263
44 110 Ru 109.914038501
45 110 Rh 109.911079745
46 110 Pd 109.905172878
47 110 Ag 109.906110724
48 110 Cd 109.90300747
49 110 In 109.907170674
50 110 Sn 109.907844835
51 110 Sb 109.916854283
52 110 Te 109.922458102
53 110 I 109.935085102
54 110 Xe 109.944258759
42 111 Mo 110.935651966
43 111 Tc 110.925898966
44 111 Ru 110.917567566
45 111 Rh 110.911643164
46 111 Pd 110.907690358
47 111 Ag 110.905296827
48 111 Cd 110.904183776
49 111 In 110.905107236
50 111 Sn 110.907741143
51 111 Sb 110.913218187
52 111 Te 110.921000587
53 111 I 110.930269236
43 112 Tc 111.929941658
44 112 Ru 111.918806922
45 112 Rh 111.914405199
46 112 Pd 111.907330557
47 112 Ag 111.907048548
48 112 Cd 111.902763896
49 112 In 111.905538718
50 112 Sn 111.904824894
51 112 Sb 111.912399903
52 112 Te 111.916727848
53 112 I 111.928004548
54 112 Xe 111.935559068
43 113 Tc 112.932569032
44 113 Ru 112.922846729
45 113 Rh 112.915440212
46 113 Pd 112.910261912
47 113 Ag 112.906572865
48 113 Cd 112.904408105
49 113 In 112.904060451
50 113 Sn 112.905175857
51 113 Sb 112.909374664
52 113 Te 112.915891
53 113 I 112.923650062
54 113 Xe 112.933221663
55 113 Cs 112.944428484
43 114 Tc 113.93709
44 114 Ru 113.92461443
45 114 Rh 113.91872168
46 114 Pd 113.91036943
47 114 Ag 113.908823029
48 114 Cd 113.903364998
49 114 In 113.904916405
50 114 Sn 113.90278013
51 114 Sb 113.909289155
52 114 Te 113.91208782
53 114 I 113.9220189
54 114 Xe 113.927980329
55 114 Cs 113.941292244
56 114 Ba 113.950718489
44 115 Ru 114.929033049
45 115 Rh 114.920311649
46 115 Pd 114.913659333
47 115 Ag 114.908767445
48 115 Cd 114.905437426
49 115 In 114.903878772
50 115 Sn 114.903344695
51 115 Sb 114.906598
52 115 Te 114.911902
53 115 I 114.918048
54 115 Xe 114.926293943
44 116 Ru 115.931219191
45 116 Rh 115.92406206
46 116 Pd 115.914297872
47 116 Ag 115.911386809
48 116 Cd 115.90476323
49 116 In 115.905259992
50 116 Sn 115.901742825
51 116 Sb 115.906792732
52 116 Te 115.908465558
53 116 I 115.916885513
54 116 Xe 115.921580955
44 117 Ru 116.936135
45 117 Rh 116.926036291
46 117 Pd 116.917955584
47 117 Ag 116.911774086
48 117 Cd 116.907226039
49 117 In 116.904515729
50 117 Sn 116.902954036
51 117 Sb 116.904841519
52 117 Te 116.908646227
53 117 I 116.913645649
54 117 Xe 116.920358758
55 117 Cs 116.928616723
56 117 Ba 116.938316403
45 118 Rh 117.930341116
46 118 Pd 117.919067273
47 118 Ag 117.914595484
48 118 Cd 117.906921956
49 118 In 117.906356705
50 118 Sn 117.90160663
51 118 Sb 117.905532194
52 118 Te 117.905860104
53 118 I 117.913074
54 118 Xe 117.916178678
55 118 Cs 117.926559517
45 119 Rh 118.932556951
46 119 Pd 118.923341138
47 119 Ag 118.915570309
48 119 Cd 118.909847052
49 119 In 118.905851622
50 119 Sn 118.903311266
51 119 Sb 118.903944062
52 119 Te 118.906405699
53 119 I 118.91006091
54 119 Xe 118.915410641
55 119 Cs 118.922377327
56 119 Ba 118.930659683
46 120 Pd 119.924551745
47 120 Ag 119.918784765
48 120 Cd 119.909868065
49 120 In 119.907967489
50 120 Sn 119.902202557
51 120 Sb 119.905080308
52 120 Te 119.904065779
53 120 I 119.910093729
54 120 Xe 119.911784267
55 120 Cs 119.920677277
56 120 Ba 119.926044997
45 121 Rh 120.939613
46 121 Pd 120.928950342
47 121 Ag 120.920125279
48 121 Cd 120.91296366
49 121 In 120.907852778
50 121 Sn 120.904243488
51 121 Sb 120.903811353
52 121 Te 120.904945065
53 121 I 120.907411492
54 121 Xe 120.911453012
55 121 Cs 120.917227235
56 121 Ba 120.924052286
46 122 Pd 121.930631693
47 122 Ag 121.923664446
48 122 Cd 121.91345905
49 122 In 121.910282458
50 122 Sn 121.903445494
51 122 Sb 121.905169335
52 122 Te 121.903044708
53 122 I 121.907590094
54 122 Xe 121.908367655
55 122 Cs 121.916108144
56 122 Ba 121.919904
46 123 Pd 122.935126
47 123 Ag 122.92531506
48 123 Cd 122.91689246
49 123 In 122.910435252
50 123 Sn 122.905727065
51 123 Sb 122.904215292
52 123 Te 122.904271022
53 123 I 122.905589753
54 123 Xe 122.908482235
55 123 Cs 122.91299606
56 123 Ba 122.91878106
47 124 Ag 123.928899227
48 124 Cd 123.917659772
49 124 In 123.913184873
50 124 Sn 123.905279619
51 124 Sb 123.905937065
52 124 Te 123.902818341
53 124 I 123.906210297
54 124 Xe 123.905885174
55 124 Cs 123.912247366
56 124 Ba 123.915093627
57 124 La 123.924574275
47 125 Ag 124.930735
48 125 Cd 124.92125759
49 125 In 124.913673841
50 125 Sn 124.90778937
51 125 Sb 124.905254264
52 125 Te 124.904431178
53 125 I 124.90463061
54 125 Xe 124.90638764
55 125 Cs 124.909725953
56 125 Ba 124.91447184
57 125 La 124.92081593099999
48 126 Cd 125.92243029
49 126 In 125.916468202
50 126 Sn 125.907658958
51 126 Sb 125.907253158
52 126 Te 125.903312144
53 126 I 125.905624205
54 126 Xe 125.904297422
55 126 Cs 125.909445821
56 126 Ba 125.911250202
57 126 La 125.919512667
58 126 Ce 125.923971
48 127 Cd 126.926203291
49 127 In 126.91746604
50 127 Sn 126.910391726
51 127 Sb 126.906925557
52 127 Te 126.905226993
53 127 I 126.904472592
54 127 Xe 126.905183636
55 127 Cs 126.907417527
56 127 Ba 126.911091272
57 127 La 126.916375083
58 127 Ce 126.922727
48 128 Cd 127.927816778
49 128 In 127.920353637
50 128 Sn 127.910507828
51 128 Sb 127.909146121
52 128 Te 127.904461237
53 128 I 127.905809355
54 128 Xe 127.90353075341
55 128 Cs 127.907748452
56 128 Ba 127.908352446
57 128 La 127.915592123
58 128 Ce 127.918911
59 128 Pr 127.928791
48 129 Cd 128.932235597
49 129 In 128.921808534
50 129 Sn 128.91348244
51 129 Sb 128.909146623
52 129 Te 128.906596419
53 129 I 128.904983643
54 129 Xe 128.90478085742
55 129 Cs 128.90606591
56 129 Ba 128.908683409
57 129 La 128.912695592
58 129 Ce 128.918102
59 129 Pr 128.925095
48 130 Cd 129.934387563
49 130 In 129.924952257
50 130 Sn 129.913974531
51 130 Sb 129.911662686
52 130 Te 129.906222745
53 130 I 129.906670168
54 130 Xe 129.903509346
55 130 Cs 129.906709281
56 130 Ba 129.906326002
57 130 La 129.912369413
58 130 Ce 129.914736
59 130 Pr 129.92359
60 130 Nd 129.928506
48 131 Cd 130.94072774
49 131 In 130.926972839
50 131 Sn 130.917053067
51 131 Sb 130.911989339
52 131 Te 130.90852221
53 131 I 130.906126375
54 131 Xe 130.90508412808
55 131 Cs 130.905468457
56 131 Ba 130.906946315
57 131 La 130.91007
58 131 Ce 130.914429465
59 131 Pr 130.92023496
60 131 Nd 130.92724802
48 132 Cd 131.945823136
49 132 In 131.932998444
50 132 Sn 131.917823898
51 132 Sb 131.914508013
52 132 Te 131.908546713
53 132 I 131.907993511
54 132 Xe 131.90415508346
55 132 Cs 131.90643774
56 132 Ba 131.905061231
57 132 La 131.910119047
58 132 Ce 131.911466226
59 132 Pr 131.91924
60 132 Nd 131.923321237
50 133 Sn 132.923913753
51 133 Sb 132.915272128
52 133 Te 132.91096333
53 133 I 132.9078284
54 133 Xe 132.905910748
55 133 Cs 132.905451958
56 133 Ba 132.906007443
57 133 La 132.908218
58 133 Ce 132.911520402
59 133 Pr 132.916330558
60 133 Nd 132.922348
61 133 Pm 132.929782
50 134 Sn 133.92868043
51 134 Sb 133.920537334
52 134 Te 133.911396376
53 134 I 133.90977566
54 134 Xe 133.90539303
55 134 Cs 133.906718501
56 134 Ba 133.904508249
57 134 La 133.908514011
58 134 Ce 133.908928142
59 134 Pr 133.915696729
60 134 Nd 133.918790207
61 134 Pm 133.928326
50 135 Sn 134.934908603
51 135 Sb 134.925184354
52 135 Te 134.916554715
53 135 I 134.910059355
54 135 Xe 134.907231441
55 135 Cs 134.905976907
56 135 Ba 134.905688447
57 135 La 134.906984427
58 135 Ce 134.909160662
59 135 Pr 134.913111772
60 135 Nd 134.918181318
61 135 Pm 134.92478499999999
62 135 Sm 134.93252
51 136 Sb 135.930749009
52 136 Te 135.92010118
53 136 I 135.914604693
54 136 Xe 135.907214474
55 136 Cs 135.907311431
56 136 Ba 135.9045758
57 136 La 135.907634962
58 136 Ce 135.907129256
59 136 Pr 135.91267747
60 136 Nd 135.914976061
61 136 Pm 135.923595949
62 136 Sm 135.928275553
51 137 Sb 136.935522519
52 137 Te 136.925599354
53 137 I 136.918028178
54 137 Xe 136.911557771
55 137 Cs 136.907089296
56 137 Ba 136.905827207
57 137 La 136.906450438
58 137 Ce 136.907762416
59 137 Pr 136.910679183
60 137 Nd 136.914563099
61 137 Pm 136.920479519
62 137 Sm 136.927007959
63 137 Eu 136.935430719
52 138 Te 137.929472452
53 138 I 137.922726392
54 138 Xe 137.914146268
55 138 Cs 137.911017119
56 138 Ba 137.905247059
57 138 La 137.907124041
58 138 Ce 137.90599418
59 138 Pr 137.910757495
60 138 Nd 137.911950938
61 138 Pm 137.919576119
62 138 Sm 137.923243988
63 138 Eu 137.933709
52 139 Te 138.935367191
53 139 I 138.9264934
54 139 Xe 138.9187922
55 139 Cs 138.913363822
56 139 Ba 138.908841164
57 139 La 138.906362927
58 139 Ce 138.906647029
59 139 Pr 138.9089327
60 139 Nd 138.911951208
61 139 Pm 138.916799228
62 139 Sm 138.922296631
63 139 Eu 138.929792307
52 140 Te 139.939487057
53 140 I 139.931715914
54 140 Xe 139.921645814
55 140 Cs 139.917283707
56 140 Ba 139.910608231
57 140 La 139.909487285
58 140 Ce 139.905448433
59 140 Pr 139.9090856
60 140 Nd 139.90954613
61 140 Pm 139.916035918
62 140 Sm 139.918994714
63 140 Eu 139.928087633
64 140 Gd 139.933674
65 140 Tb 139.945805048
53 141 I 140.935666081
54 141 Xe 140.926787181
55 141 Cs 140.920045279
56 141 Ba 140.914403653
57 141 La 140.910971155
58 141 Ce 140.908285991
59 141 Pr 140.907659604
60 141 Nd 140.90961669
61 141 Pm 140.913555081
62 141 Sm 140.918481545
63 141 Eu 140.924931734
64 141 Gd 140.932126
65 141 Tb 140.941448
53 142 I 141.941166595
54 142 Xe 141.929973095
55 142 Cs 141.924299514
56 142 Ba 141.916432904
57 142 La 141.91409076
58 142 Ce 141.909250208
59 142 Pr 141.91005164
60 142 Nd 141.907728824
61 142 Pm 141.912890982
62 142 Sm 141.915209415
63 142 Eu 141.923446719
64 142 Gd 141.928116
65 142 Tb 141.939280858
54 143 Xe 142.93536955
55 143 Cs 142.927347346
56 143 Ba 142.920625149
57 143 La 142.916079482
58 143 Ce 142.912391953
59 143 Pr 142.910822624
60 143 Nd 142.909819815
61 143 Pm 142.910938068
62 143 Sm 142.914634848
63 143 Eu 142.920298678
64 143 Gd 142.926750678
65 143 Tb 142.935137332
66 143 Dy 142.943994332
54 144 Xe 143.938945076
55 144 Cs 143.932075402
56 144 Ba 143.922954821
57 144 La 143.919645589
58 144 Ce 143.913652763
59 144 Pr 143.913310682
60 144 Nd 143.910092798
61 144 Pm 143.912596208
62 144 Sm 143.912006285
63 144 Eu 143.918819481
64 144 Gd 143.922963
65 144 Tb 143.933045
66 144 Dy 143.939269512
67 144 Ho 143.952109712
54 145 Xe 144.944719631
55 145 Cs 144.935528927
56 145 Ba 144.9275184
57 145 La 144.921808065
58 145 Ce 144.917265113
59 145 Pr 144.914517987
60 145 Nd 144.912579151
61 145 Pm 144.912755748
62 145 Sm 144.913417157
63 145 Eu 144.916272659
64 145 Gd 144.921710051
65 145 Tb 144.928717001
66 145 Dy 144.937473992
67 145 Ho 144.947267392
54 146 Xe 145.948518245
55 146 Cs 145.940621867
56 146 Ba 145.9303632
57 146 La 145.925688017
58 146 Ce 145.918812294
59 146 Pr 145.91768763
60 146 Nd 145.913122459
61 146 Pm 145.91470224
62 146 Sm 145.913046835
63 146 Eu 145.917210852
64 146 Gd 145.918318513
65 146 Tb 145.927252739
66 146 Dy 145.932844526
67 146 Ho 145.944993503
68 146 Er 145.952418357
55 147 Cs 146.944261512
56 147 Ba 146.9353039
57 147 La 146.9284178
58 147 Ce 146.9226899
59 147 Pr 146.919007438
60 147 Nd 146.916105969
61 147 Pm 146.915144944
62 147 Sm 146.914904401
63 147 Eu 146.91675244
64 147 Gd 146.919101014
65 147 Tb 146.92405462
66 147 Dy 146.931082712
67 147 Ho 146.940142293
68 147 Er 146.949964456
69 147 Tm 146.961379887
55 148 Cs 147.949639026
56 148 Ba 147.938223
57 148 La 147.9326794
58 148 Ce 147.924424186
59 148 Pr 147.922129992
60 148 Nd 147.916899027
61 148 Pm 147.917481091
62 148 Sm 147.914829233
63 148 Eu 147.918091288
64 148 Gd 147.918121414
65 148 Tb 147.924275476
66 148 Dy 147.927149944
67 148 Ho 147.937743925
68 148 Er 147.944735026
69 148 Tm 147.958384026
56 149 Ba 148.943284
57 149 La 148.935351259
58 149 Ce 148.9284269
59 149 Pr 148.9237361
60 149 Nd 148.920154583
61 149 Pm 148.918341507
62 149 Sm 148.917191211
63 149 Eu 148.917936875
64 149 Gd 148.919347666
65 149 Tb 148.923253792
66 149 Dy 148.927327516
67 149 Ho 148.933820457
68 149 Er 148.942306
56 150 Ba 149.9464411
57 150 La 149.9395475
58 150 Ce 149.930384032
59 150 Pr 149.926676391
60 150 Nd 149.920901322
61 150 Pm 149.920990014
62 150 Sm 149.917281993
63 150 Eu 149.919707092
64 150 Gd 149.918663949
65 150 Tb 149.923664799
66 150 Dy 149.925593068
67 150 Ho 149.933498353
68 150 Er 149.937915524
57 151 La 150.942769
58 151 Ce 150.9342722
59 151 Pr 150.928309066
60 151 Nd 150.923839363
61 151 Pm 150.921216613
62 151 Sm 150.919938859
63 151 Eu 150.919856606
64 151 Gd 150.920354922
65 151 Tb 150.92310897
66 151 Dy 150.926191279
67 151 Ho 150.931698176
68 151 Er 150.937448567
69 151 Tm 150.945494433
70 151 Yb 150.955402453
59 152 Pr 151.9315529
60 152 Nd 151.924691242
61 152 Pm 151.923505185
62 152 Sm 151.919738646
63 152 Eu 151.92175098
64 152 Gd 151.919798414
65 152 Tb 151.924081855
66 152 Dy 151.924725274
67 152 Ho 151.931717618
68 152 Er 151.935050347
69 152 Tm 151.944476
70 152 Yb 151.950326699
59 153 Pr 152.933903511
60 153 Nd 152.927717868
61 153 Pm 152.924156252
62 153 Sm 152.922103576
63 153 Eu 152.921236789
64 153 Gd 152.921756945
65 153 Tb 152.923441694
66 153 Dy 152.925771729
67 153 Ho 152.930206671
68 153 Er 152.93508635
69 153 Tm 152.942058023
71 153 Lu 152.958802248
59 154 Pr 153.937885165
60 154 Nd 153.929597404
61 154 Pm 153.926712791
62 154 Sm 153.922215756
63 154 Eu 153.922985699
64 154 Gd 153.920872974
65 154 Tb 153.924683681
66 154 Dy 153.92442892
67 154 Ho 153.930606776
68 154 Er 153.932790799
69 154 Tm 153.941570062
70 154 Yb 153.946395696
59 155 Pr 154.940509193
60 155 Nd 154.933135598
61 155 Pm 154.928136951
62 155 Sm 154.924646645
63 155 Eu 154.922899847
64 155 Gd 154.922629356
65 155 Tb 154.923509511
66 155 Dy 154.925758049
67 155 Ho 154.929103363
68 155 Er 154.93321571
69 155 Tm 154.939209576
70 155 Yb 154.945783216
71 155 Lu 154.954326005
59 156 Pr 155.9447669
60 156 Nd 155.935370358
61 156 Pm 155.931114059
62 156 Sm 155.925538191
63 156 Eu 155.924762976
64 156 Gd 155.92213012
65 156 Tb 155.924754209
66 156 Dy 155.924283593
67 156 Ho 155.929641634
68 156 Er 155.931065926
69 156 Tm 155.938985746
70 156 Yb 155.942817096
71 156 Lu 155.953086606
72 156 Hf 155.959399083
59 157 Pr 156.9480031
60 157 Nd 156.939351074
61 157 Pm 156.933121298
62 157 Sm 156.928418598
63 157 Eu 156.925432556
64 157 Gd 156.923967424
65 157 Tb 156.924031888
66 157 Dy 156.925469555
67 157 Ho 156.928251974
68 157 Er 156.931922652
69 157 Tm 156.936973
70 157 Yb 156.94265136799999
71 157 Lu 156.950144807
73 157 Ta 156.968227445
60 158 Nd 157.94220562
61 158 Pm 157.936546948
62 158 Sm 157.929949262
63 158 Eu 157.927782192
64 158 Gd 157.9241112
65 158 Tb 157.925419942
66 158 Dy 157.924414817
67 158 Ho 157.92894491
68 158 Er 157.929893474
69 158 Tm 157.936979525
70 158 Yb 157.939871202
71 158 Lu 157.94931562
72 158 Hf 157.954801217
60 159 Nd 158.946619085
61 159 Pm 158.939286409
62 159 Sm 158.93321713
63 159 Eu 158.929099512
64 159 Gd 158.926395822
65 159 Tb 158.925353707
66 159 Dy 158.925745938
67 159 Ho 158.927718683
68 159 Er 158.93069079
69 159 Tm 158.934975
70 159 Yb 158.940060257
71 159 Lu 158.946635615
72 159 Hf 158.953995837
73 159 Ta 158.963028046
60 160 Nd 159.949839172
61 160 Pm 159.943215272
62 160 Sm 159.935337032
63 160 Eu 159.931836982
64 160 Gd 159.927061202
65 160 Tb 159.927174553
66 160 Dy 159.925203578
67 160 Ho 159.928735538
68 160 Er 159.929077193
69 160 Tm 159.935264177
70 160 Yb 159.93755921
71 160 Lu 159.946033
72 160 Hf 159.950682728
73 160 Ta 159.961541678
74 160 W 159.968513946
61 161 Pm 160.946229837
62 161 Sm 160.939160062
63 161 Eu 160.933663991
64 161 Gd 160.929676267
65 161 Tb 160.927576806
66 161 Dy 160.926939425
67 161 Ho 160.927861815
68 161 Er 160.93000353
69 161 Tm 160.933549
70 161 Yb 160.937912384
71 161 Lu 160.943572
72 161 Hf 160.950277927
73 161 Ta 160.958369489
75 161 Re 160.977624313
62 162 Sm 161.941621687
63 162 Eu 161.936958329
64 162 Gd 161.930991812
65 162 Tb 161.9292754
66 162 Dy 161.92680450699999
67 162 Ho 161.929102543
68 162 Er 161.928787299
69 162 Tm 161.934001211
70 162 Yb 161.935779342
71 162 Lu 161.943282776
72 162 Hf 161.947215526
73 162 Ta 161.957292907
74 162 W 161.963500341
62 163 Sm 162.945679085
63 163 Eu 162.93926551
64 163 Gd 162.93409664
65 163 Tb 162.930653609
66 163 Dy 162.928737221
67 163 Ho 162.92874026
68 163 Er 162.930039908
69 163 Tm 162.932658282
70 163 Yb 162.936345406
71 163 Lu 162.941179
72 163 Hf 162.947107211
73 163 Ta 162.954337194
74 163 W 162.962524251
75 163 Re 162.972085434
62 164 Sm 163.948550061
63 164 Eu 163.942852943
64 164 Gd 163.935916193
65 164 Tb 163.933327561
66 164 Dy 163.929180819
67 164 Ho 163.930240548
68 164 Er 163.929207739
69 164 Tm 163.933538019
70 164 Yb 163.934500743
71 164 Lu 163.941339
72 164 Hf 163.944370709
73 164 Ta 163.953534
74 164 W 163.958952445
75 164 Re 163.970507122
76 164 Os 163.978073158
63 165 Eu 164.94554007
64 165 Gd 164.93931708
65 165 Tb 164.934955198
66 165 Dy 164.931709402
67 165 Ho 164.930329116
68 165 Er 164.930733482
69 165 Tm 164.932441843
70 165 Yb 164.935270241
71 165 Lu 164.939406758
72 165 Hf 164.944567
73 165 Ta 164.950780287
74 165 W 164.958280663
75 165 Re 164.967085831
64 166 Gd 165.941630413
65 166 Tb 165.937939727
66 166 Dy 165.93281281
67 166 Ho 165.932291209
68 166 Er 165.930301067
69 166 Tm 165.933562136
70 166 Yb 165.933876439
71 166 Lu 165.939859
72 166 Hf 165.94218
73 166 Ta 165.950512
74 166 W 165.955031952
75 166 Re 165.965821216
76 166 Os 165.972698135
64 167 Gd 166.945490012
65 167 Tb 166.940007046
66 167 Dy 166.935682415
67 167 Ho 166.933140254
68 167 Er 166.932056192
69 167 Tm 166.932857206
70 167 Yb 166.934954069
71 167 Lu 166.938243
72 167 Hf 166.9426
73 167 Ta 166.948093
74 167 W 166.95481108
76 167 Os 166.971552304
77 167 Ir 166.981671973
65 168 Tb 167.943337074
66 168 Dy 167.937134977
67 168 Ho 167.935523766
68 168 Er 167.932378282
69 168 Tm 167.934178457
70 168 Yb 167.933891297
71 168 Lu 167.938729798
72 168 Hf 167.940568
73 168 Ta 167.948047
74 168 W 167.951805459
75 168 Re 167.961572607
76 168 Os 167.96779905
77 168 Ir 167.979960978
78 168 Pt 167.988180196
66 169 Dy 168.940315231
67 169 Ho 168.93687989
68 169 Er 168.934598444
69 169 Tm 168.934218956
70 169 Yb 168.935184208
71 169 Lu 168.937645845
72 169 Hf 168.941259
73 169 Ta 168.946011
74 169 W 168.951778689
75 169 Re 168.958765979
76 169 Os 168.967017521
77 169 Ir 168.976281743
67 170 Ho 169.939626548
68 170 Er 169.935471933
69 170 Tm 169.935807093
70 170 Yb 169.934767242
71 170 Lu 169.93847923
72 170 Hf 169.939609
73 170 Ta 169.946175
74 170 W 169.949231235
75 170 Re 169.958234844
76 170 Os 169.963579273
78 170 Pt 169.982502087
67 171 Ho 170.941472713
68 171 Er 170.938037372
69 171 Tm 170.936435162
70 171 Yb 170.936331515
71 171 Lu 170.937918591
72 171 Hf 170.940492
73 171 Ta 170.944476
74 171 W 170.949451
75 171 Re 170.955716
76 171 Os 170.963180402
77 171 Ir 170.97164552
78 171 Pt 170.981248868
79 171 Au 170.991881533
68 172 Er 171.939363461
69 172 Tm 171.938406959
70 172 Yb 171.936386654
71 172 Lu 171.93909132
72 172 Hf 171.939449716
73 172 Ta 171.944895
74 172 W 171.947292
75 172 Re 171.955376165
76 172 Os 171.960017309
77 172 Ir 171.970607035
78 172 Pt 171.977341059
79 172 Au 171.989996704
80 172 Hg 171.998860581
69 173 Tm 172.93960663
70 173 Yb 172.938216211
71 173 Lu 172.938935722
72 173 Hf 172.940513
73 173 Ta 172.94375
74 173 W 172.947689
75 173 Re 172.953243
76 173 Os 172.959808387
77 173 Ir 172.967505477
78 173 Pt 172.976449922
79 173 Au 172.986224263
69 174 Tm 173.942174061
70 174 Yb 173.938867545
71 174 Lu 173.94034284
72 174 Hf 173.940048377
73 174 Ta 173.944454
74 174 W 173.946079
75 174 Re 173.953115
76 174 Os 173.957063192
77 174 Ir 173.966949939
78 174 Pt 173.972820431
80 174 Hg 173.992870575
69 175 Tm 174.94384231
70 175 Yb 174.941281907
71 175 Lu 174.940777211
72 175 Hf 174.941511424
73 175 Ta 174.943737
74 175 W 174.946717
75 175 Re 174.951381
76 175 Os 174.956945126
77 175 Ir 174.964149519
78 175 Pt 174.972400593
79 175 Au 174.981316375
80 175 Hg 174.991444451
69 176 Tm 175.946997707
70 176 Yb 175.942574706
71 176 Lu 175.942691711
72 176 Hf 175.941409797
73 176 Ta 175.944857
74 176 W 175.945634
75 176 Re 175.951623
76 176 Os 175.954770315
77 176 Ir 175.963626261
78 176 Pt 175.968938162
79 176 Au 175.980116925
80 176 Hg 175.98734867
81 176 Tl 176.000627731
70 177 Yb 176.945263846
71 177 Lu 176.94376357
72 177 Hf 176.943230187
73 177 Ta 176.94448194
74 177 W 176.946643
75 177 Re 176.950328
76 177 Os 176.954957902
77 177 Ir 176.9613015
78 177 Pt 176.968469541
79 177 Au 176.976869701
80 177 Hg 176.98628459
81 177 Tl 176.996414252
70 178 Yb 177.9466694
71 178 Lu 177.945960065
72 178 Hf 177.943708322
74 178 W 177.945885791
75 178 Re 177.950989
76 178 Os 177.953253334
77 178 Ir 177.961079395
78 178 Pt 177.965649288
79 178 Au 177.976056714
80 178 Hg 177.982484756
82 178 Pb 178.003836171
71 179 Lu 178.947332985
72 179 Hf 178.945825705
73 179 Ta 178.94593905
74 179 W 178.947079378
75 179 Re 178.949989686
76 179 Os 178.953815985
77 179 Ir 178.959117594
78 179 Pt 178.965358742
79 179 Au 178.973173666
80 179 Hg 178.981821759
81 179 Tl 178.991122185
82 179 Pb 179.002202492
71 180 Lu 179.949890744
72 180 Hf 179.946559537
73 180 Ta 179.947467589
74 180 W 179.946713304
75 180 Re 179.950791568
76 180 Os 179.952381665
77 180 Ir 179.959229446
78 180 Pt 179.96303801
79 180 Au 179.972489738
80 180 Hg 179.97826018
81 180 Tl 179.98991895
82 180 Pb 179.997916177
71 181 Lu 180.951908
72 181 Hf 180.949110834
73 181 Ta 180.947998528
74 181 W 180.948218733
75 181 Re 180.950061507
76 181 Os 180.953247188
77 181 Ir 180.957634691
78 181 Pt 180.963089946
79 181 Au 180.970079102
80 181 Hg 180.977819368
81 181 Tl 180.986259978
82 181 Pb 180.9966606
72 182 Hf 181.950563684
73 182 Ta 181.950154612
74 182 W 181.948205636
75 182 Re 181.95121156
76 182 Os 181.952110154
77 182 Ir 181.958076296
78 182 Pt 181.961171605
79 182 Au 181.969614433
80 182 Hg 181.974689173
81 182 Tl 181.985692649
82 182 Pb 181.992673537
71 183 Lu 182.957363
72 183 Hf 182.953533203
73 183 Ta 182.95137538
74 183 W 182.950224416
75 183 Re 182.950821306
76 183 Os 182.953125028
77 183 Ir 182.956841231
78 183 Pt 182.961595895
79 183 Au 182.967588106
80 183 Hg 182.974444652
81 183 Tl 182.982192843
82 183 Pb 182.991862527
72 184 Hf 183.955448507
73 184 Ta 183.954009958
74 184 W 183.95093318
75 184 Re 183.952528073
76 184 Os 183.952492919
77 184 Ir 183.957476
78 184 Pt 183.959921929
79 184 Au 183.967451523
80 184 Hg 183.971717709
81 184 Tl 183.981874973
82 184 Pb 183.988135634
72 185 Hf 184.958862
73 185 Ta 184.955561317
74 185 W 184.953421206
75 185 Re 184.95295832
76 185 Os 184.954045969
77 185 Ir 184.956698
78 185 Pt 184.960613659
79 185 Au 184.965798871
80 185 Hg 184.971890696
81 185 Tl 184.978789189
82 185 Pb 184.98761
72 186 Hf 185.960897
73 186 Ta 185.958553036
74 186 W 185.95436514
75 186 Re 185.954989172
76 186 Os 185.953837569
77 186 Ir 185.957946754
78 186 Pt 185.959350845
79 186 Au 185.965952703
80 186 Hg 185.969362061
81 186 Tl 185.978654787
82 186 Pb 185.984239409
83 186 Bi 185.996623169
84 186 Po 186.004403174
73 187 Ta 186.960391
74 187 W 186.957161249
75 187 Re 186.955752217
76 187 Os 186.955749569
77 187 Ir 186.957542
78 187 Pt 186.960616646
79 187 Au 186.964542147
80 187 Hg 186.96981354
81 187 Tl 186.97590474
82 187 Pb 186.983910842
83 187 Bi 186.993147272
84 187 Po 187.003031482
74 188 W 187.958488325
75 188 Re 187.958113658
76 188 Os 187.955837292
77 188 Ir 187.958834999
78 188 Pt 187.959397521
79 188 Au 187.965247966
80 188 Hg 187.967580738
81 188 Tl 187.976020886
82 188 Pb 187.980879079
83 188 Bi 187.992276064
84 188 Po 187.999415586
75 189 Re 188.959227764
76 189 Os 188.958145949
77 189 Ir 188.958722602
78 189 Pt 188.960848485
79 189 Au 188.963948286
80 189 Hg 188.968194776
81 189 Tl 188.973573525
82 189 Pb 188.980843658
83 189 Bi 188.989195139
84 189 Po 188.998473425
74 190 W 189.963103542
75 190 Re 189.961800064
76 190 Os 189.958445442
77 190 Ir 189.960543374
78 190 Pt 189.959949823
79 190 Au 189.964751746
80 190 Hg 189.96632225
81 190 Tl 189.973841771
82 190 Pb 189.978081872
83 190 Bi 189.988624828
84 190 Po 189.995101731
74 191 W 190.966531
75 191 Re 190.963123322
76 191 Os 190.960928105
77 191 Ir 190.960591455
78 191 Pt 190.961676261
79 191 Au 190.963716452
80 191 Hg 190.967158301
81 191 Tl 190.971784093
82 191 Pb 190.978216455
83 191 Bi 190.985786972
84 191 Po 190.994558494
85 191 At 191.004148081
75 192 Re 191.966088
76 192 Os 191.961478765
77 192 Ir 191.962602414
78 192 Pt 191.961042667
79 192 Au 191.964817615
80 192 Hg 191.965634263
81 192 Tl 191.972225
82 192 Pb 191.975789598
83 192 Bi 191.985470077
84 192 Po 191.991340274
85 192 At 192.003140912
75 193 Re 192.967545
76 193 Os 192.964149637
77 193 Ir 192.962923753
78 193 Pt 192.962984546
79 193 Au 192.964138442
80 193 Hg 192.966653395
81 193 Tl 192.970501994
82 193 Pb 192.976135914
83 193 Bi 192.98294722
84 193 Po 192.991062421
85 193 At 192.999927725
86 193 Rn 193.009707973
76 194 Os 193.965179407
77 194 Ir 193.965075703
78 194 Pt 193.962683498
79 194 Au 193.965419051
80 194 Hg 193.965449108
81 194 Tl 193.971081408
82 194 Pb 193.974011788
83 194 Bi 193.982798581
84 194 Po 193.988186058
85 194 At 193.999230816
86 194 Rn 194.006145636
76 195 Os 194.968318
77 195 Ir 194.965976898
78 195 Pt 194.964794325
79 195 Au 194.965037823
80 195 Hg 194.966705809
81 195 Tl 194.969774052
82 195 Pb 194.974516167
83 195 Bi 194.980648759
84 195 Po 194.988065781
85 195 At 194.99627448
86 195 Rn 195.005421703
76 196 Os 195.969643261
77 196 Ir 195.968399669
78 196 Pt 195.964954648
79 196 Au 195.966571213
80 196 Hg 195.965833445
81 196 Tl 195.970481189
82 196 Pb 195.972787552
83 196 Bi 195.980666509
84 196 Po 195.985540722
85 196 At 195.995799034
86 196 Rn 196.002120431
77 197 Ir 196.969657217
78 197 Pt 196.96734303
79 197 Au 196.966570103
80 197 Hg 196.967213715
81 197 Tl 196.969560492
82 197 Pb 196.973434737
83 197 Bi 196.978864927
84 197 Po 196.985621939
85 197 At 196.993177353
86 197 Rn 197.001621446
87 197 Fr 197.011008086
78 198 Pt 197.967896718
79 198 Au 197.968243714
80 198 Hg 197.966769177
81 198 Tl 197.970446669
82 198 Pb 197.97201545
83 198 Bi 197.979201316
84 198 Po 197.983388753
85 198 At 197.992797864
86 198 Rn 197.998679197
87 198 Fr 198.010282081
77 199 Ir 198.973807097
78 199 Pt 198.970597022
79 199 Au 198.968766573
80 199 Hg 198.968280994
81 199 Tl 198.969877
82 199 Pb 198.97291262
83 199 Bi 198.977672841
84 199 Po 198.983640445
85 199 At 198.990527715
86 199 Rn 198.998325436
87 199 Fr 199.007269384
78 200 Pt 199.971444609
79 200 Au 199.970756558
80 200 Hg 199.968326941
81 200 Tl 199.970963608
82 200 Pb 199.971818546
83 200 Bi 199.97813129
84 200 Po 199.981812355
85 200 At 199.990351099
86 200 Rn 199.995705335
87 200 Fr 200.006584666
78 201 Pt 200.974513305
79 201 Au 200.971657678
80 201 Hg 200.970303054
81 201 Tl 200.970820235
82 201 Pb 200.972870431
83 201 Bi 200.976995017
84 201 Po 200.982263799
85 201 At 200.988417058
86 201 Rn 200.995590511
87 201 Fr 201.003852491
88 201 Ra 201.012814699
78 202 Pt 201.975639
79 202 Au 201.973856
80 202 Hg 201.970643604
81 202 Tl 201.972108874
82 202 Pb 201.972151613
83 202 Bi 201.977723042
84 202 Po 201.980738934
85 202 At 201.988625686
86 202 Rn 201.993263982
87 202 Fr 202.003329637
88 202 Ra 202.009742305
79 203 Au 202.975154492
80 203 Hg 202.972872396
81 203 Tl 202.972344098
82 203 Pb 202.973390617
83 203 Bi 202.976892077
84 203 Po 202.981416072
85 203 At 202.986942904
86 203 Rn 202.993361155
87 203 Fr 203.000940867
88 203 Ra 203.009233907
80 204 Hg 203.973494037
81 204 Tl 203.97386342
82 204 Pb 203.973043506
83 204 Bi 203.977835687
84 204 Po 203.980310078
85 204 At 203.987251393
86 204 Rn 203.991443729
87 204 Fr 204.000651972
88 204 Ra 204.006506855
80 205 Hg 204.976073151
81 205 Tl 204.974427318
82 205 Pb 204.974481682
83 205 Bi 204.977385182
84 205 Po 204.981190006
85 205 At 204.986060546
86 205 Rn 204.991723228
87 205 Fr 204.998593854
88 205 Ra 205.006230692
89 205 Ac 205.015144152
80 206 Hg 205.977513837
81 206 Tl 205.976110108
82 206 Pb 205.97446521
83 206 Bi 205.978498843
84 206 Po 205.980473662
85 206 At 205.986645768
86 206 Rn 205.990195409
87 206 Fr 205.998661441
88 206 Ra 206.003827842
89 206 Ac 206.014476477
80 207 Hg 206.9823
81 207 Tl 206.977418605
82 207 Pb 206.975896821
83 207 Bi 206.978470551
84 207 Po 206.981593334
85 207 At 206.985799715
86 207 Rn 206.990730224
87 207 Fr 206.99694145
88 207 Ra 207.00377242
89 207 Ac 207.011965967
80 208 Hg 207.985759
81 208 Tl 207.982018006
82 208 Pb 207.976652005
83 208 Bi 207.97974206
84 208 Po 207.981246035
85 208 At 207.986613011
86 208 Rn 207.989634513
87 208 Fr 207.997139082
88 208 Ra 208.001855012
89 208 Ac 208.011552251
90 208 Th 208.017915348
81 209 Tl 208.985351713
82 209 Pb 208.981089978
83 209 Bi 208.980398599
84 209 Po 208.982430361
85 209 At 208.986168701
86 209 Rn 208.990401389
87 209 Fr 208.995939701
88 209 Ra 209.001994902
89 209 Ac 209.009495375
81 210 Tl 209.990072942
82 210 Pb 209.984188381
83 210 Bi 209.984120237
84 210 Po 209.982873686
85 210 At 209.987147423
86 210 Rn 209.989688862
87 210 Fr 209.996410596
88 210 Ra 210.000475406
89 210 Ac 210.009408625
90 210 Th 210.015093515
81 211 Tl 210.993475
82 211 Pb 210.988735288
83 211 Bi 210.987268715
84 211 Po 210.986653171
85 211 At 210.987496226
86 211 Rn 210.990600767
87 211 Fr 210.995555189
88 211 Ra 211.000893049
89 211 Ac 211.007668846
90 211 Th 211.014896923
91 211 Pa 211.023674036
82 212 Pb 211.991895891
83 212 Bi 211.99128503
84 212 Po 211.988867982
85 212 At 211.990737301
86 212 Rn 211.990703946
87 212 Fr 211.99622542
88 212 Ra 211.999786619
89 212 Ac 212.007836442
90 212 Th 212.01300157
91 212 Pa 212.023184819
81 213 Tl 213.001915
82 213 Pb 212.996560796
83 213 Bi 212.99438357
84 213 Po 212.992857154
85 213 At 212.992936593
86 213 Rn 212.993885147
87 213 Fr 212.99618441
88 213 Ra 213.000370971
89 213 Ac 213.006592665
90 213 Th 213.01301147
91 213 Pa 213.021099644
82 214 Pb 213.999803521
83 214 Bi 213.998710909
84 214 Po 213.995201287
85 214 At 213.996372331
86 214 Rn 213.99536265
87 214 Fr 213.998971193
88 214 Ra 214.00009956
89 214 Ac 214.0069064
90 214 Th 214.01148148
91 214 Pa 214.020891055
82 215 Pb 215.004661591
83 215 Bi 215.001749095
84 215 Po 214.999418385
85 215 At 214.998651002
86 215 Rn 214.998745037
87 215 Fr 215.000341534
88 215 Ra 215.002718208
89 215 Ac 215.006474061
90 215 Th 215.01172464
91 215 Pa 215.019113955
92 215 U 215.026719774
83 216 Bi 216.006305985
84 216 Po 216.001913416
85 216 At 216.002422643
86 216 Rn 216.000271942
87 216 Fr 216.003189523
88 216 Ra 216.003533534
89 216 Ac 216.008749101
90 216 Th 216.011055933
91 216 Pa 216.019134633
92 216 U 216.024762829
83 217 Bi 217.009372
84 217 Po 217.006316145
85 217 At 217.004717794
86 217 Rn 217.003927632
87 217 Fr 217.00463198
88 217 Ra 217.006322676
89 217 Ac 217.009342325
90 217 Th 217.013103443
91 217 Pa 217.018309024
83 218 Bi 218.014188
84 218 Po 218.008971234
85 218 At 218.008695941
86 218 Rn 218.005601123
87 218 Fr 218.00757862
88 218 Ra 218.007134297
89 218 Ac 218.01164886
90 218 Th 218.013276248
91 218 Pa 218.020021133
92 218 U 218.023504877
84 219 Po 219.013614
85 219 At 219.011160587
86 219 Rn 219.009478683
87 219 Fr 219.009250664
88 219 Ra 219.010084715
89 219 Ac 219.012420425
90 219 Th 219.015526432
91 219 Pa 219.019949909
92 219 U 219.025009233
93 219 Np 219.031601865
84 220 Po 220.016386
85 220 At 220.015433
86 220 Rn 220.011392443
87 220 Fr 220.012326789
88 220 Ra 220.011027542
89 220 Ac 220.014754527
90 220 Th 220.015769866
91 220 Pa 220.021769753
93 220 Np 220.03271628
84 221 Po 221.021228
85 221 At 221.018017
86 221 Rn 221.015535637
87 221 Fr 221.014253714
88 221 Ra 221.013917293
89 221 Ac 221.015599721
90 221 Th 221.018185757
91 221 Pa 221.021873393
92 221 U 221.026323297
84 222 Po 222.02414
85 222 At 222.022494
86 222 Rn 222.017576017
87 222 Fr 222.017582615
88 222 Ra 222.015373371
89 222 Ac 222.017844232
90 222 Th 222.01846822
91 222 Pa 222.023687064
92 222 U 222.026057957
93 222 Np 222.033574706
85 223 At 223.025151
86 223 Rn 223.021889283
87 223 Fr 223.019734241
88 223 Ra 223.018500648
89 223 Ac 223.019135982
90 223 Th 223.020811083
91 223 Pa 223.023980414
92 223 U 223.027960754
93 223 Np 223.03291334
85 224 At 224.029749
86 224 Rn 224.024095803
87 224 Fr 224.023348096
88 224 Ra 224.020210361
89 224 Ac 224.021722249
90 224 Th 224.021466137
91 224 Pa 224.025617286
92 224 U 224.027635913
93 224 Np 224.03438803
86 225 Rn 225.028485572
87 225 Fr 225.025572466
88 225 Ra 225.023610502
89 225 Ac 225.023228601
90 225 Th 225.023950975
91 225 Pa 225.026147927
92 225 U 225.02938505
93 225 Np 225.033943422
86 226 Rn 226.03086138
87 226 Fr 226.029544512
88 226 Ra 226.025408186
89 226 Ac 226.026096999
90 226 Th 226.024903699
91 226 Pa 226.027948217
92 226 U 226.029338669
93 226 Np 226.035230364
86 227 Rn 227.035304393
87 227 Fr 227.031865413
88 227 Ra 227.029176205
89 227 Ac 227.027750594
90 227 Th 227.027702546
91 227 Pa 227.028803586
92 227 U 227.031181124
93 227 Np 227.034975012
86 228 Rn 228.037835415
87 228 Fr 228.035839433
88 228 Ra 228.031068574
89 228 Ac 228.031019685
90 228 Th 228.028739741
91 228 Pa 228.031050758
92 228 U 228.031368959
94 228 Pu 228.038763325
86 229 Rn 229.042257272
87 229 Fr 229.038291443
88 229 Ra 229.034956703
89 229 Ac 229.032947
90 229 Th 229.031761357
91 229 Pa 229.032095585
92 229 U 229.033505976
93 229 Np 229.036287269
94 229 Pu 229.040145099
95 229 Am 229.045282534
87 230 Fr 230.042390787
88 230 Ra 230.037054776
89 230 Ac 230.036327
90 230 Th 230.033132267
91 230 Pa 230.034539717
92 230 U 230.033940114
93 230 Np 230.03782806
94 230 Pu 230.039648313
87 231 Fr 231.045175353
88 231 Ra 231.041027085
89 231 Ac 231.038393
90 231 Th 231.036302764
91 231 Pa 231.0358825
92 231 U 231.03629218
93 231 Np 231.038243598
94 231 Pu 231.041125946
87 232 Fr 232.049461219
88 232 Ra 232.043475267
89 232 Ac 232.042034
90 232 Th 232.038053606
91 232 Pa 232.038590205
92 232 U 232.037154765
94 232 Pu 232.041182133
87 233 Fr 233.052517833
88 233 Ra 233.04759457
89 233 Ac 233.044346
90 233 Th 233.041580126
91 233 Pa 233.040246535
92 233 U 233.039634294
93 233 Np 233.040739421
94 233 Pu 233.042997411
96 233 Cm 233.050771485
88 234 Ra 234.0503821
89 234 Ac 234.048139
90 234 Th 234.043599801
91 234 Pa 234.043305555
92 234 U 234.040950296
93 234 Np 234.042893245
94 234 Pu 234.043317489
96 234 Cm 234.050158568
89 235 Ac 235.05084
90 235 Th 235.047255
91 235 Pa 235.045399
92 235 U 235.043928117
93 235 Np 235.044061518
94 235 Pu 235.045284609
95 235 Am 235.047906478
89 236 Ac 236.054988
90 236 Th 236.049657
91 236 Pa 236.048668
92 236 U 236.04556613
93 236 Np 236.046568296
94 236 Pu 236.046056661
96 236 Cm 236.051372112
90 237 Th 237.053629
91 237 Pa 237.051023
92 237 U 237.048728309
93 237 Np 237.04817164
94 237 Pu 237.048407888
96 237 Cm 237.052868988
98 237 Cf 237.062199272
91 238 Pa 238.054637
92 238 U 238.050786936
93 238 Np 238.050944603
94 238 Pu 238.049558175
95 238 Am 238.051982531
96 238 Cm 238.053081606
92 239 U 239.054291989
93 239 Np 239.052937538
94 239 Pu 239.052161596
95 239 Am 239.053022729
96 239 Cm 239.054908519
92 240 U 240.056592411
93 240 Np 240.056163778
94 240 Pu 240.05381174
95 240 Am 240.055298374
96 240 Cm 240.055528233
98 240 Cf 240.062253447
93 241 Np 241.058309671
94 241 Pu 241.056849651
95 241 Am 241.056827343
96 241 Cm 241.057651218
93 242 Np 242.061639548
94 242 Pu 242.058740979
95 242 Am 242.059547358
96 242 Cm 242.058834187
98 242 Cf 242.063754544
94 243 Pu 243.062002068
95 243 Am 243.061379889
96 243 Cm 243.061387329
97 243 Bk 243.063005905
94 244 Pu 244.064204401
95 244 Am 244.064282892
96 244 Cm 244.062750622
97 244 Bk 244.065178969
98 244 Cf 244.065999447
94 245 Pu 245.067824554
95 245 Am 245.066452827
96 245 Cm 245.065491047
97 245 Bk 245.066359814
98 245 Cf 245.068046755
94 246 Pu 246.070204172
96 246 Cm 246.067222016
97 246 Bk 246.0686713
98 246 Cf 246.068803685
99 246 Es 246.072806474
100 246 Fm 246.075353334
96 247 Cm 247.070352678
97 247 Bk 247.070305889
98 247 Cf 247.070971348
99 247 Es 247.073621929
96 248 Cm 248.072349086
97 248 Bk 248.073141689
98 248 Cf 248.072182905
100 248 Fm 248.077185451
96 249 Cm 249.075953992
97 249 Bk 249.074983118
98 249 Cf 249.074850428
100 249 Fm 249.078926042
101 249 Md 249.082857155
96 250 Cm 250.078357541
97 250 Bk 250.078317195
98 250 Cf 250.076404494
100 250 Fm 250.079519765
101 250 Md 250.084164934
96 251 Cm 251.082284988
97 251 Bk 251.080760555
98 251 Cf 251.079587171
99 251 Es 251.079991431
100 251 Fm 251.08154513
101 251 Md 251.084774287
98 252 Cf 252.081626507
99 252 Es 252.082979173
100 252 Fm 252.082466019
101 252 Md 252.086385
102 252 No 252.08896607
98 253 Cf 253.085133723
99 253 Es 253.084821241
100 253 Fm 253.085180945
102 253 No 253.09056278
103 253 Lr 253.09503385
98 254 Cf 254.087323575
99 254 Es 254.088024337
100 254 Fm 254.086852424
102 254 No 254.090954211
103 254 Lr 254.096238813
99 255 Es 255.090273504
100 255 Fm 255.089963495
101 255 Md 255.091081702
102 255 No 255.093196439
103 255 Lr 255.096562399
100 256 Fm 256.091771699
102 256 No 256.094281912
103 256 Lr 256.098494024
104 256 Rf 256.101151464
100 257 Fm 257.095105419
101 257 Md 257.095537343
102 257 No 257.096884203
104 257 Rf 257.102916796
105 257 Db 257.107520042
101 258 Md 258.098433634
104 258 Rf 258.103429895
105 258 Db 258.108972995
102 259 No 259.100998364
105 259 Db 259.109491859
106 260 Sg 260.114383435
104 261 Rf 261.108769591
106 261 Sg 261.115948135
107 261 Bh 261.121395733
106 262 Sg 262.116338978
107 262 Bh 262.122654688
108 264 Hs 264.12835633
108 265 Hs 265.129791744
108 266 Hs 266.130048783
109 266 Mt 266.137062253
110 269 Ds 269.144750965
110 270 Ds 270.14458662
